0.7775347875126613,0.1402951879243265,0.046883300791828925,0.03528672377118329
0.6836532645321046,0.15649249927757855,0.09227920558624027,0.06757503060407662
0.7741717049925522,0.16786148281576513,0.03358601586299406,0.024380796328688732
0.6734989321062891,0.16434714923500543,0.06832340680319439,0.0938305118555112
0.7037492395207958,0.1990055660583276,0.06470999714087008,0.03253519728000642
0.268867163567556,0.0759660034835339,0.38211550115233817,0.2730513317965719
0.7779232415742177,0.13658198114513195,0.053761154728883924,0.031733622551766566
0.7860613855538022,0.13229432888418233,0.051256728759287266,0.030387556802728276
0.6833174020510311,0.1985850779496956,0.07780680959884402,0.040290710400429225
0.7705228202945782,0.14248579595281483,0.055140726819916885,0.031850656932690125
0.7942957509645391,0.13807788506128887,0.036371138034138176,0.03125522594003383
0.727497156483173,0.20172221519291353,0.045633416394141035,0.025147211929772463
0.5988224647641532,0.1822758817829886,0.1663511441087652,0.05255050934409305
0.7547970866626368,0.19932509154486094,0.026585069425258012,0.019292752367244308
0.6531103367322718,0.1396925313586142,0.11241906309268226,0.09477806881643176
0.6223547731005133,0.24992718083521526,0.0861137336530946,0.04160431241117687
0.43886903165421876,0.27025659251913237,0.1930427523397195,0.0978316234869293
0.8084409862221658,0.11794136445331414,0.0419623748164953,0.031655274508024855
0.6460459262846633,0.16354929727307357,0.11284157753165622,0.07756319891060676
0.8178627167204343,0.09642856384420682,0.037577813165619915,0.04813090626973899
0.7640702640456316,0.130241972426822,0.0564736439675502,0.04921411955999616
0.5112629338219924,0.11821686303651742,0.2176633707168104,0.15285683242468
0.7918400092387786,0.14089942554432014,0.043720076827732934,0.02354048838916822
0.8111342620811225,0.1071888430341976,0.03627578284782356,0.0454011120368564
0.7371874891992726,0.1494874972791913,0.06814958508992633,0.04517542843160977
0.8136911681529284,0.13616184804843587,0.03139634159312818,0.01875064220550759
0.7676625253355265,0.18374696652633657,0.023935035532185178,0.024655472605951818
0.6721854377211416,0.21131853272508985,0.08354999275624395,0.03294603679752458
0.7574451013363732,0.1394233871068926,0.06913176054029796,0.03399975101643617
0.7655380682060426,0.17775700578550074,0.02390126975251529,0.03280365625594134
0.7966274825159346,0.10664148301816237,0.030585495136201468,0.06614553932970148
0.8287648886482039,0.12887872633387687,0.013808960710998625,0.028547424306920546
0.7510391774387757,0.19166626029397846,0.026575665675270796,0.030718896591975117
0.7441850867826324,0.1896635731605111,0.03786183898674715,0.028289501070109177
0.744810944770577,0.17803404453259725,0.05269680428294787,0.024458206413877796
0.8461420011880725,0.11548331485454456,0.019342364978024624,0.019032318979358386
0.686701594898304,0.13667478121688034,0.09182325948456933,0.08480036440024634
0.7188209358834585,0.18361261218898633,0.04743233759627127,0.05013411433128381
0.5637337379102574,0.18727142172964029,0.10085398756622956,0.14814085279387285
0.603933724381963,0.23163775415472315,0.1029956297327153,0.061432891730598564
0.7267065550207283,0.16474514695684264,0.05170592748582679,0.056842370536602065
0.6910579233141304,0.21558245484951702,0.06106137673815978,0.032298245098192846
0.590433669687054,0.2026218704450296,0.10961687850941106,0.09732758135850515
0.7605632106025841,0.18913140762074715,0.025012400399658456,0.025292981377010155
0.5803955568210222,0.17761751606581105,0.17197612507459462,0.070010802038572
0.7938881254789697,0.1845175762602404,0.011646954380883243,0.009947343879906536
0.7272965859933588,0.18341048279319705,0.0511340000948952,0.038158931118549
0.7195776414661723,0.1814029295651924,0.05348318028975612,0.045536248678879114
0.6266355470733241,0.2236737664523315,0.08274007048660818,0.06695061598773634
0.6437080778129723,0.2054170841425855,0.06055197246366325,0.09032286558077901
0.771336539602418,0.15245794040494576,0.03762735297097672,0.03857816702165947
0.8348791557796837,0.10987986531437045,0.031317801773969235,0.023923177131976496
0.7326382746310026,0.19901117751803357,0.03812447432738985,0.03022607352357378
0.8050699611111378,0.15953292723548404,0.014737069838777405,0.02066004181460088
0.8217482454593871,0.1235311096105732,0.02528961850992987,0.029431026420109987
0.5399047411135184,0.23955786607502777,0.13786727609461244,0.08267011671684149
0.750822630035634,0.13268583371156908,0.0640130135361755,0.052478522716621366
0.5794446845364485,0.2657801827171735,0.10099236216673647,0.05378277057964169
0.6400491084002804,0.1957666052298828,0.10537419951749549,0.058810086852341265
0.741441196810376,0.18209712247147672,0.044497915475456666,0.03196376524269063
0.7609014379119816,0.14416086203537878,0.050688636400686514,0.04424906365195311
0.762024639244885,0.14158148017738206,0.05296505740759303,0.04342882317013995
0.6170689598022141,0.12571530832343736,0.1410022156520916,0.11621351622225702
0.7157492007998809,0.1916300368054652,0.03735440364914878,0.05526635874550513
0.7709907284512413,0.16136395271851625,0.03377196228324496,0.03387335654699751
0.8229854595777677,0.13588864797311034,0.0185383338684364,0.022587558580685455
0.7595684211630016,0.15571184730264157,0.05880597129845668,0.025913760235900227
0.7862302743711721,0.1300683017152655,0.047408009585788446,0.03629341432777397
0.4863698115706555,0.2010814336980821,0.1987625911538686,0.11378616357739375
0.6178480557953103,0.10501476322653877,0.17800090419383702,0.09913627678431401
0.6893102488699095,0.2267206582492188,0.038127873861753904,0.045841219019117835
0.6979206880665639,0.15713295907806618,0.07770064489743247,0.06724570795793743
0.6052854469963178,0.2241722840774638,0.10471253709407008,0.06582973183214841
0.3721817209707949,0.15472816268359416,0.3085369689849863,0.16455314736062462
0.7602088757610279,0.14916634642018484,0.04420103691579335,0.04642374090299388
0.697362554837688,0.15709242845525714,0.06805888428734565,0.07748613241970917
0.7872353704369258,0.1421054174530756,0.041237574246714884,0.02942163786328366
0.7680077546635306,0.12746771173938146,0.040047619082265125,0.06447691451482283
0.7025134860886927,0.17320957345938925,0.06933021544768914,0.054946725004228904
0.807494764297278,0.13204951220566452,0.034310047333650305,0.026145676163407315
0.7889165680792081,0.16085182946278556,0.03153948846298357,0.018692113995022942
0.6914758956516073,0.1718338635133911,0.08084753517600154,0.05584270565899991
0.6945686549465588,0.1883312220082595,0.06315418815610006,0.05394593488908145
0.8046818851283251,0.14240610662608946,0.026767689175531358,0.026144319070054076
0.7269220571072225,0.22425699895816018,0.02625689392333426,0.022564050011283053
0.7599240606325551,0.15404164619032398,0.04775902720099287,0.038275265976128056
0.45297035505527483,0.1328428390790952,0.08232195046573355,0.3318648553998964
0.6975758333478945,0.19446996986277632,0.07650177911539177,0.03145241767393742
0.6395707750093784,0.1691194784963051,0.11558640918106299,0.07572333731325355
0.7524138869161192,0.12804277121867758,0.04310818817521839,0.07643515368998503
0.22741508069352723,0.10252159518783013,0.08426896560887254,0.5857943585097702
0.8121607061776501,0.1350371533803131,0.02328273333953888,0.02951940710249794
0.7332869282819915,0.11992731280639307,0.08555766058403472,0.06122809832758091
0.6698658193323355,0.22782467086324826,0.06704040205063001,0.035269107753786326
0.6403861714444594,0.1530857372922052,0.12469102811903984,0.08183706314429559
0.8202570264629455,0.09941685264529108,0.033570936348461214,0.04675518454330204
0.8545492419950796,0.08775776074131209,0.0333737416463311,0.024319255617277123
0.7231563724236209,0.17466244546302084,0.046133782414056995,0.056047399699301434
0.7942555113959336,0.11739237070281085,0.054501058862541515,0.0338510590387142
0.6341005986180117,0.23870506185589122,0.07569169373378065,0.05150264579231635
0.67381658279877,0.2052316135392636,0.05541457138683758,0.0655372322751288
0.6991420920933036,0.216307209386089,0.041551039598162504,0.04299965892244491
0.8082497486774528,0.16791467695730025,0.010578487837235832,0.01325708652801114
0.016921833440987646,0.18839310852589058,0.46547563128820235,0.3292094267449195
0.8028362021133838,0.1697305629188665,0.013955043985995173,0.013478190981754406
0.4239998484784184,0.1614590626124948,0.3215170091944405,0.09302407971464637
0.7312541666185182,0.17245821123355706,0.05724871802166368,0.0390389041262611
0.5388450684744471,0.1429106955153746,0.05897014814017696,0.2592740878700012
0.6768931358958827,0.10907444854996445,0.13727255033901206,0.07675986521514078
0.45227590524717326,0.11315717066069239,0.10148656793961035,0.33308035615252396
0.8063380159602894,0.14041691062710213,0.03354012880415727,0.019704944608451052
0.7643583200158212,0.16168937713607437,0.03286511665004017,0.04108718619806431
0.7919811430232246,0.09477063339201237,0.054695945689626865,0.058552277895136305
0.7716363009898048,0.17063641337394891,0.03436084894285245,0.023366436693393684
0.7755136502321001,0.17249855244868487,0.02587866274756886,0.02610913457164626
0.7064064968899817,0.22544846668553467,0.023826091032579905,0.044318945391903765
0.8306541514946231,0.13190654301442298,0.019317258869251053,0.018122046621702945
0.7538329135141584,0.14844142514159897,0.048850234866935065,0.048875426477307596
0.728251564922285,0.16845420962150393,0.0499301667413949,0.053364058714816184
0.6739642801434382,0.18229987555733693,0.06518547483371914,0.07855036946550562
0.5905736130487153,0.18753511453874358,0.15313348627264461,0.06875778613989655
0.5305364245610835,0.1440506116156817,0.21185893065541916,0.11355403316781561
0.7515528664033504,0.15936236450109426,0.05191857018556313,0.03716619890999208
0.7491562650642204,0.16676868987334606,0.04882664647637909,0.03524839858605453
0.6639719354845905,0.22369780444342444,0.06722078697718674,0.04510947309479838
0.7913554717595157,0.13299446667671275,0.05308669861664553,0.02256336294712584
0.585777006329772,0.1197555204374068,0.1476955165337271,0.14677195669909407
0.6704903218555696,0.16887388839372697,0.09627452551331564,0.0643612642373879
0.7491848909145278,0.16157845899102585,0.042938215702389454,0.04629843439205684
0.8057068788079377,0.1536274583166661,0.01905351649308098,0.021612146382315386
0.7217226973918268,0.1645173960335354,0.04589588021341845,0.06786402636121916
0.7949321338019786,0.14949002549698395,0.028079041767995642,0.027498798933041718
0.7075176261665134,0.20985748103453214,0.044215603694322904,0.03840928910463158
0.6019094148955911,0.2326254284282298,0.0941882377050726,0.07127691897110644
0.5250704662073669,0.23291709285190498,0.14384710978622864,0.09816533115449948
0.45280369413114285,0.21623685608082618,0.2280421803611728,0.10291726942685814
0.7556821617952811,0.1363917292942299,0.06469072272517136,0.04323538618531759
0.7671197785299646,0.12641866975730745,0.05287393495893645,0.053587616753791374
0.784265183004783,0.13880642388391423,0.03834064845264131,0.0385877446586612
0.689554775822287,0.26506836872856093,0.021128329889738597,0.02424852555941362
0.7023569407447,0.21817605132293172,0.04561588473404594,0.03385112319832234
0.7982955593984414,0.11803647123342378,0.04430554982678649,0.03936241954134841
0.6413008232119826,0.21539727530827096,0.10024498774366779,0.04305691373607883
0.4812351094484302,0.07052026791149095,0.2639684576847039,0.1842761649553749
0.6660062831061997,0.1747180933367093,0.12406001415497608,0.03521560940211495
0.48805479425370596,0.14035233770072625,0.22579100450273204,0.14580186354283586
0.7455485830181874,0.18356867493528403,0.04131061943026546,0.02957212261626308
0.678735188955444,0.20509468040676263,0.06474067324267269,0.05142945739512072
0.6561299985786039,0.18528724949927883,0.10518945964392663,0.05339329227819075
0.12046629241346864,0.0765585207919451,0.3093977049146518,0.4935774818799346
0.7575204503925804,0.190063490698095,0.022701562996263764,0.029714495913060805
0.6962792549742771,0.2208976941050592,0.05825586773020164,0.024567183190461958
0.746452188421742,0.15891422145647138,0.047073391747339384,0.04756019837444724
0.6934028839243138,0.21205822244183087,0.06485033626086967,0.029688557372985525
0.7815906630266977,0.16476964754119483,0.035929317643232934,0.017710371788874676
0.7008996858244093,0.23247242302980178,0.03687613987669032,0.029751751269098587
0.6373794071777911,0.15924177502570236,0.11845481661777447,0.0849240011787322
0.7330829055623125,0.2169151438369737,0.018827432738482953,0.031174517862230897
0.722145051319221,0.20927310237938468,0.02477908786983965,0.04380275843155461
0.6841923339723146,0.11560351671044088,0.10576166946009748,0.09444247985714702
0.6807885161980626,0.11547859730086923,0.14171918177212792,0.062013704728940265
0.6568698823718792,0.15377257340127728,0.09959862511418024,0.0897589191126633
0.771893535729782,0.12096008697937852,0.05125927233019775,0.055887104960641726
0.7376419894060594,0.18798619963983168,0.034514294191205046,0.03985751676290397
0.7604598536965201,0.18980701526110322,0.027900298073012177,0.021832832969364488
0.6888556750685518,0.175508510760868,0.0683871285571356,0.0672486856134446
0.7578958191889362,0.18783792453379694,0.02392268314559875,0.03034357313166816
0.6914309776150983,0.24744088231501166,0.04100117226801165,0.020126967801878365
0.7418279884103806,0.22230118286225414,0.012536123689141218,0.023334705038224116
0.5215181691281131,0.21391264519647704,0.20209389790323148,0.062475287772178326
0.5211435851970638,0.1290676934089173,0.2575743413963974,0.09221437999762153
0.702369374121922,0.1685314992675079,0.06265021811166813,0.06644890849890209
0.7344155562391876,0.11276243924052227,0.0648641532608265,0.08795785125946357
0.7038833037526682,0.19454217740670723,0.04762843364386834,0.05394608519675626
0.6471118272744588,0.16591908945363176,0.08561040644159901,0.10135867683031047
0.607011486447894,0.1599704711459853,0.15799873877634196,0.07501930362977875
0.822270170396205,0.12744798172909436,0.029723558953687956,0.020558288921012694
0.8427718755540127,0.12413734076394077,0.010636839162135574,0.022453944519911038
0.7096758556836489,0.11594825056127821,0.10579853020573768,0.06857736354933526
0.7617361032190563,0.17795810290620528,0.03532498243269027,0.024980811442048143
0.8194130767951614,0.12913649324438187,0.030377426660042374,0.021073003300414395
0.7541029728219177,0.16641167806998505,0.028371209328005915,0.051114139780091425
0.7738772941453466,0.14717634450740527,0.051604586805086144,0.027341774542162
0.6291411103449326,0.2550486000949305,0.07163868358702793,0.04417160597310893
0.7579245647171512,0.19025754087288355,0.03087962853247429,0.020938265877491005
0.84448308171356,0.1247403128126096,0.012979824131993098,0.01779678134183728
0.5971077040260637,0.17121347227019643,0.17130966672057904,0.060369156983160685
0.3276849836117267,0.3480205802662477,0.21397815596545844,0.11031628015656715
0.7825852641156212,0.1671621810316713,0.02745086614206504,0.022801688710642434
0.8161122886060779,0.1198728304538608,0.0315793463930874,0.03243553454697392
0.7382116366103251,0.15071538465907905,0.07433230976621143,0.03674066896438452
0.8309453402955076,0.12717361527191154,0.022835505529738637,0.019045538902842055
0.12646210000814126,0.05000712407258006,0.7105242416803799,0.11300653423889877
0.5356743431495373,0.23042583886967785,0.1688887187992405,0.06501109918154432
0.6575056419777844,0.2450821680674439,0.04935553119550523,0.04805665875926652
0.4818784325727207,0.19603398800408675,0.21816949523738782,0.10391808418580464
0.7859808839925098,0.1615760636551371,0.025825641823897502,0.026617410528455593
0.6430545278266707,0.1673003283551687,0.05676695691103872,0.13287818690712194
0.7505546830006821,0.1346676430581666,0.07409858671091744,0.04067908723023397
0.6414185144634854,0.17725337577027292,0.1085536292156306,0.07277448055061107
0.6334739971972023,0.12334444792500357,0.19707422766698665,0.04610732721080732
0.7465142043451479,0.11163752085681056,0.07406224140773854,0.06778603339030301
0.65320059445885,0.2908681853808969,0.032030903325659006,0.023900316834594055
0.7490612618029482,0.1509213019097742,0.06690291252735567,0.03311452375992173
0.6427881088025735,0.174464892772813,0.08932205039322472,0.0934249480313887
0.6599125663390081,0.17995808906414032,0.08989620517762933,0.0702331394192222
0.8263703650441937,0.12631430804266405,0.01963262514622497,0.027682701766917214
0.620559594962454,0.2393371196472308,0.07734817829112971,0.06275510709918544
0.6984928011208043,0.15407832056142798,0.08407936187743159,0.06334951644033618
0.592699011030723,0.21120754693823973,0.09452050744731574,0.10157293458372152
0.49071776558405017,0.10764338060352864,0.3039788339002216,0.09766001991219952
0.7228988636678078,0.16174623348051065,0.06836820577261306,0.046986697079068676
0.6796787283352022,0.18820879247473077,0.08942320549753327,0.04268927369253381
0.7557810826150978,0.17734746057924625,0.04448053649111466,0.022390920314541356
0.7315663657737494,0.19721126375003215,0.04349426277502868,0.02772810770118963
0.7988197227525023,0.1592290828392746,0.018624225534287907,0.023326968873935244
0.7139146377290534,0.17124564049895846,0.06747061359698603,0.047369108175002256
0.7449006069899482,0.133526485547926,0.061708363083155096,0.05986454437897066
0.7898658398936157,0.14540505974511866,0.036713862694005686,0.028015237667259864
0.7368439256101041,0.16973423235743365,0.052105813086866196,0.041316028945595974
0.6357589979442999,0.11654969623138928,0.15035709291342653,0.09733421291088439
0.6304297424949177,0.20810760607756412,0.09243900732745179,0.06902364410006649
0.8008091065587398,0.15646066719133947,0.016005407491611,0.02672481875830966
0.7158215289499713,0.23264036525644585,0.030275283681324087,0.021262822112258724
0.7871436782104926,0.12570377655843037,0.04059175945125385,0.04656078577982324
0.8334250170147406,0.08348520804008533,0.05392669907279097,0.029163075872383024
0.7131769196085447,0.21746995104683844,0.041282506200532657,0.028070623144084234
0.7896182934694043,0.16163826096629536,0.02612665294207873,0.02261679262222152
0.80484162662078,0.1463031185974399,0.02071544489655408,0.028139809885225995
0.7055026570898905,0.15665880903600377,0.050993757572880716,0.08684477630122506
0.6301563864682774,0.21143607895972014,0.09137351517968496,0.06703401939231747
0.6988605920994465,0.2088422223633339,0.06972058242149695,0.02257660311572264
0.7271099355509055,0.1551866868607644,0.05761027249316446,0.06009310509516551
0.6251486365103646,0.17898556773024302,0.12450066866564052,0.07136512709375205
0.6293380066809269,0.18246076709044334,0.11965222241879551,0.06854900380983416
0.7159082265445815,0.15124494666077873,0.06688261621925974,0.06596421057537984
0.5445470094599002,0.16303272074015723,0.2007463978096209,0.09167387199032166
0.8021557417890403,0.133779064029338,0.03494643586420556,0.029118758317416258
0.7401372806550772,0.20930476435513629,0.030132147229971505,0.020425807759814934
0.6367176367031313,0.16521109112289734,0.1299741117669685,0.06809716040700292
0.6932204263880367,0.21935142419150808,0.04698735348721494,0.04044079593324025
0.5998225904169603,0.20414919878997076,0.11510348188787645,0.08092472890519253
0.7556053732267589,0.15345563229555767,0.053003746524792734,0.03793524795289055
0.6856999002063857,0.20434204728046407,0.06593637445650087,0.04402167805664931
0.852688102692115,0.1023704321186037,0.020441260304742317,0.024500204884538787
0.6070677101937162,0.19600521378578342,0.14447328217176264,0.05245379384873792
0.7633034374084631,0.107736720666599,0.054059362472322306,0.0749004794526155
0.7999140061641545,0.14817735140291036,0.02384613788985684,0.028062504543078216
0.7280624971956217,0.12330666437773678,0.0868684116312979,0.061762426795343765
0.5023632761648059,0.17969274174780273,0.19381197785210463,0.12413200423528677
0.7431843077018354,0.17793015379632468,0.039624624642297594,0.03926091385954228
0.8550534198800569,0.10081746225830002,0.022762159830104923,0.021366958031538198
0.660006812983488,0.18297804769001072,0.08601651626331962,0.07099862306318176
0.8086921218351236,0.13961057667853785,0.020478172428088488,0.031219129058249914
0.7720384667007133,0.12727295102740618,0.05772391960629005,0.042964662665590396
0.6300140430226343,0.29369021657711797,0.027469726785021072,0.04882601361522673
0.8123281959863227,0.13236499279573186,0.037948076214098236,0.0173587350038474
0.7451470484753139,0.18809379225879444,0.03355705749177981,0.03320210177411189
0.6742320413228121,0.24713972906434234,0.03686340812032662,0.04176482149251876
0.7034033355944698,0.2494623808039908,0.024270998253365293,0.02286328534817422
0.3784910147815935,0.16484883392614552,0.29972382216991666,0.15693632912234434
0.7931984206459782,0.1396762760150527,0.03391990171751684,0.0332054016214522
0.7541897118768899,0.15390242211497268,0.056594375335944906,0.03531349067219263
0.8055287299314113,0.11690751781058781,0.04566627239725841,0.031897479860742525
0.7302060651244923,0.17283609315400075,0.06121087814163522,0.03574696357987166
0.5457260137397096,0.18441890494643098,0.14824333469440992,0.12161174661944957
0.6341643379924446,0.19149050943357662,0.09684939024028137,0.07749576233369741
0.5754377446666528,0.2091494667183167,0.15276190613836554,0.06265088247666496
0.7125506904236265,0.18581990429127404,0.049196824325098025,0.0524325809600013
0.7306913823172798,0.17094416024636253,0.06694783860400635,0.03141661883235129
0.5180148469986596,0.06385968381669477,0.13849438699678598,0.2796310821878596
0.8064946727115203,0.16323200064150462,0.014202673426076735,0.016070653220898352
0.8590402879755691,0.08775482100089992,0.024909886244439912,0.028295004779090954
0.6698040546336678,0.1914577754099191,0.06395670120450021,0.07478146875191292
0.7605388243768407,0.18470849036802034,0.03118911828395533,0.023563566971183607
0.5876204734818636,0.135594013465755,0.14675298942808024,0.13003252362430115
0.6789059907530467,0.15613781220464268,0.09402026201595988,0.07093593502635086
0.7418956107923519,0.1698803381213479,0.04210925391038374,0.04611479717591648
0.5688266499840163,0.14091331063455642,0.19588122776565295,0.09437881161577422
0.6631131389292085,0.16365760656200912,0.11252759356989406,0.0607016609388883
0.7350794565584352,0.1756869867381195,0.06257464297762744,0.02665891372581776
0.5080014111474275,0.20984301479143105,0.19793544602898006,0.08422012803216128
0.47557040702038,0.1907978640167863,0.2580362431543622,0.07559548580847132
0.7209792986221691,0.17527270479343354,0.05916850783467322,0.04457948874972404
0.6707026338147183,0.2564145353839159,0.02976863777939456,0.043114193021971316
0.7614186846720556,0.16915203754226835,0.031170818749571862,0.03825845903610404
0.6101225698377626,0.2692024975498365,0.06952469293379183,0.05115023967860908
0.530412033874451,0.18107852045346476,0.19163468552699942,0.09687476014508482
0.8187560801477954,0.12647833241509898,0.026476815728836183,0.028288771708269607
0.8007487104456316,0.14044983797395824,0.036469882703669756,0.022331568876740458
0.7390190430309026,0.2156862649412268,0.019809669943802684,0.025485022084067756
0.7915260372623812,0.15766738543436543,0.025275750918125877,0.025530826385127613
0.8161755028585382,0.12137358491710955,0.03408612515729789,0.028364787067054344
0.6945706995570569,0.14596082165054017,0.08619200117910393,0.07327647761329904
0.7945380284172481,0.16321302766648324,0.02957178282132254,0.012677161094946104
0.784399810739307,0.17299411208467225,0.021759008964075423,0.020847068211945242
0.7949597746423978,0.18420968902648677,0.011464656973224097,0.00936587935789124
0.3776861099404906,0.13047363057250333,0.21829760820951466,0.27354265127749133
0.738362856264697,0.11224168973825419,0.06968189632965442,0.07971355766739421
0.7149819552060025,0.13569317631246391,0.08201443589336839,0.06731043258816514
0.1266623114151603,0.6197150991171537,0.13369367269835566,0.11992891676933022
0.7480412221546164,0.17317765257677525,0.051048986306819706,0.027732138961788635
0.8516028263841484,0.11341799459350223,0.013543368992499707,0.02143581002984965
0.6159631998713102,0.22690792920552222,0.09098280717058309,0.06614606375258456
0.6586736868908659,0.18577390026625898,0.10020273669840891,0.0553496761444662
0.6997613400888449,0.2406602010002225,0.03355312707007255,0.02602533184085985
0.7462252241539111,0.20109960496098017,0.028391478708528064,0.024283692176580746
0.6170309836728493,0.25630938828922123,0.08548698500754916,0.041172643030380374
0.7924863112154931,0.15340515184697087,0.033980326203826454,0.02012821073370952
0.6649091107892561,0.16444035320293623,0.10909431299558665,0.06155622301222105
0.7606495144441489,0.1865894116118007,0.03311640630746515,0.0196446676365853
0.7467044309035049,0.16226503529946626,0.039917871312118804,0.05111266248491005
0.7162112753118619,0.12170045202201421,0.10182909265515018,0.06025918001097365
0.8367492104808896,0.12357711609937584,0.01718465441112774,0.022489019008606687
0.7494118738699745,0.14783724127770861,0.03549160921113099,0.06725927564118593
0.4949246644538646,0.09029742272099917,0.3501229521244603,0.06465496070067575
0.5348811187072482,0.30188573525843393,0.09585885377917104,0.06737429225514674
0.7368122908704231,0.1753401346297115,0.03319625225590515,0.054651322243960083
0.7335187098822753,0.18034216649804413,0.03823069575443424,0.047908427865246316
0.7126875588886643,0.19449864651043283,0.04106426446601134,0.05174953013489148
0.762915134803917,0.14013049381094475,0.05064006767945299,0.04631430370568508
0.47061022113965545,0.11795280912040094,0.3426566286714779,0.0687803410684656
0.7705435587721879,0.13024773580363716,0.06467161794890505,0.03453708747526976
0.7567173674705033,0.21309489518704702,0.010339042948697068,0.0198486943937525
0.783983142068145,0.19021441848365922,0.010617335156956642,0.015185104291239255
0.7538641275900505,0.1468242494576351,0.06174188598700774,0.03756973696530672
0.667979858127667,0.1338275212168002,0.1314893528509454,0.06670326780458743
0.5036090750520746,0.17769533338583485,0.18983811668299644,0.12885747487909407
0.7544531712152993,0.18490539807489523,0.03769949068522859,0.02294194002457682
0.7114688040400244,0.23430736698812712,0.03366209136895496,0.020561737602893593
0.7720407760140927,0.14979491289119856,0.027765894330966913,0.0503984167637418
0.3596132566608929,0.22622009208533098,0.22219202430412366,0.1919746269496525
0.7808344514911605,0.17032317783831233,0.02440349546575449,0.024438875204772628
0.813395732029335,0.12889640363232002,0.028103412086968625,0.029604452251376312
0.7674235347853854,0.10513449787951228,0.07682128569651521,0.05062068163858711
0.7876062573304743,0.13733942555735462,0.04966515244096625,0.02538916467120489
0.5378861850455119,0.20014613724369265,0.1624795401150169,0.09948813759577854
0.7340642332402865,0.17091265246591458,0.04023834155403577,0.0547847727397631
0.7005557707954431,0.22651373438569658,0.040802996793765034,0.03212749802509543
0.6930865516367808,0.23366255183692436,0.04043611455887327,0.032814781967421464
0.5538875216745773,0.21021619248597026,0.1690212747302549,0.06687501110919751
0.577839341543446,0.17361469831636014,0.1556898257925144,0.09285613434767954
0.6470768145919474,0.18182234301783015,0.10824287035553505,0.06285797203468739
0.7907707835698383,0.15504941441251466,0.026384493897832685,0.027795308119814278
0.7754349400911489,0.10928756286327686,0.06416358538799316,0.05111391165758116
0.5484204080550499,0.3171193384844997,0.07224159569009467,0.06221865777035563
0.8079903703411049,0.08700115420883167,0.057441156738930604,0.047567318711132935
0.6241790705888153,0.15394668041722256,0.15122589541357034,0.07064835358039194
0.6944485568990117,0.0934895905833948,0.1078336600962597,0.10422819242133383
0.8240642879130305,0.11313300105453433,0.03369922104022437,0.029103489992210872
0.8241514025004606,0.11502499185045648,0.035907661917089766,0.024915943731993035
0.7079416958070474,0.14423598043161218,0.09941463132162211,0.048407692439718424
0.752675500794305,0.17218958220621183,0.0396195802889513,0.03551533671053168
0.45223767625484096,0.23510603441649458,0.18707468351475995,0.12558160581390443
0.7535228622718749,0.17868924021544294,0.033901014844727045,0.03388688266795492
0.4237066764351292,0.11618503105980016,0.09138603640466492,0.3687222561004058
0.7415459824322344,0.16447782793959884,0.05713337702600245,0.036842812602164515
0.7288495672274555,0.20562068637694136,0.028712666018804758,0.036817080376798504
0.5941556905161848,0.19591232852568988,0.13964682741025425,0.0702851535478711
0.7309445495618897,0.15128414923222075,0.04994119020868349,0.06783011099720607
0.76662734944229,0.13853113749502052,0.050440396301553045,0.044401116761136464
0.7545981366405262,0.12254527664743133,0.08473929662924023,0.03811729008280212
0.6237319575903987,0.23137127236576022,0.08432884748949697,0.06056792255434406
0.5682611441184694,0.2361022627651943,0.11189986577405402,0.08373672734228245
0.7008705257038134,0.19964359479347787,0.04468141237459852,0.054804467128110296
0.7003908658968244,0.16901276104508103,0.0755132935657093,0.055083079492385126
0.7141750135705914,0.1741565778440862,0.0529844407603848,0.05868396782493763
0.6699070941000088,0.20363384078386873,0.08919887301918294,0.03726019209693954
0.7996037740558978,0.1446444914298314,0.033603836757078585,0.022147897757192232
0.4508049440241902,0.19702716554020003,0.2263305635707103,0.1258373268648995
0.7362986387811722,0.17317110423503898,0.04878299216353366,0.041747264820255134
0.6549287752476609,0.22603699024710755,0.06523917631024823,0.053795058194983376
0.604533098780538,0.10981760409026137,0.19528991764711345,0.09035937948208732
0.5561923034735707,0.21237028980557554,0.13830023574052333,0.09313717098033027
0.6946840328336209,0.17484641855069455,0.08591910288746,0.044550445728224704
0.8020620451039561,0.1579938590661381,0.017856362827992304,0.022087733001913506
0.6846899146387253,0.14401031223114552,0.11261028588775884,0.05868948724237029
0.6426333375835628,0.1753414709250461,0.11814620276929855,0.06387898872209258
0.6915579087328835,0.24255310701553404,0.03233202271890395,0.033556961532678495
0.7634281151496115,0.17176465376236358,0.03386555279772607,0.030941678290298924
0.7462391210663067,0.13321419414623908,0.03913024334074677,0.0814164414467073
0.7053148657622687,0.2188700199615304,0.05437695545596257,0.02143815882023839
0.6281763457209476,0.19105731377664495,0.11726356218104822,0.06350277832135934
0.8054385655878316,0.153392138768138,0.017777803744010702,0.023391491900019747
0.699177724019033,0.21882152717940645,0.04509375585516969,0.03690699294639085
0.7528698822607394,0.14152775651822164,0.03931913044546377,0.06628323077557526
0.7290147362135143,0.19675431487633907,0.04854741313627489,0.025683535773871925
0.775533703698296,0.1627693844513803,0.030284536480647613,0.031412375369676046
0.5185892680704804,0.21293223730066166,0.17979922699124845,0.08867926763760935
0.7239490671806078,0.11256123239582824,0.08069041253359714,0.08279928788996688
0.7123777401753797,0.1569800694847351,0.0765080511158885,0.05413413922399674
0.7047101590695669,0.16275237086040217,0.06044272517652867,0.07209474489350227
0.78450977611893,0.16526506166752536,0.032143184915656875,0.01808197729788768
0.7914141247379193,0.14047540387016275,0.028824434052832852,0.03928603733908507
0.6401238627599162,0.15824505110245682,0.12220814031462257,0.07942294582300438
0.5430012786607767,0.25124926690901755,0.16624052231759134,0.039508932112614456
0.5583310063548831,0.15662863901193447,0.16730752027413648,0.11773283435904607
0.620399742574961,0.12707709661174657,0.1476757218658528,0.10484743894743967
0.7923593951243528,0.10463022909289972,0.06263065694289778,0.040379718839849754
0.8157737409337378,0.117117385983127,0.01727046899222707,0.04983840409090819
0.8407455896258772,0.12524641698527605,0.019407355087307294,0.014600638301539565
0.7932542479599195,0.10411103318023059,0.06538416094981912,0.037250557910030534
0.6741139301512937,0.220987327058774,0.07096788114142766,0.033930861648504826
0.4537839145469339,0.19389216037424947,0.26020952142484566,0.09211440365397115
0.515802365852348,0.31713010350157206,0.08430873971956374,0.08275879092651627
0.8065328715341206,0.13627481399062544,0.03299279788506624,0.024199516590187688
0.7607902239308184,0.12016993089863631,0.07698373229939912,0.0420561128711461
0.5048688930436672,0.2586387780480819,0.15132754963472875,0.0851647792735222
0.813497642656064,0.13191716341176493,0.022790253749736547,0.031794940182434686
0.8223631550310889,0.14503292053618327,0.016904668458104528,0.015699255974623134
0.7297818480787756,0.20349677593308324,0.040698183302174486,0.026023192685966545
0.7202124217266536,0.16751324216517458,0.07306384989913846,0.03921048620903336
0.5478404364568563,0.21301389590722802,0.15767851074011308,0.08146715689580246
0.54330668356704,0.14788456567067118,0.20936127175433292,0.09944747900795596
0.6626885449749742,0.16838020262089878,0.12118759595560805,0.04774365644851894
0.6795777788203623,0.1966136318943924,0.08922728801618614,0.034581301269059124
0.8405417785508097,0.12422324749779678,0.01644825942283168,0.018786714528561895
0.6852024277262474,0.15967893162842128,0.11010082370838345,0.045017816936947834
0.7452133497930459,0.12397862100405752,0.0810612372691843,0.04974679193371241
0.7691370817894084,0.1289001878322264,0.05403008572746612,0.04793264465089913
0.6589292821928249,0.18324111775170565,0.06950569897108655,0.08832390108438293
0.4588133394819573,0.15449001893152697,0.22482017336896643,0.16187646821754936
0.606875062616309,0.19698369757344666,0.14342130525569957,0.0527199345545447
0.6092100455941298,0.19501093005186634,0.12361914740416108,0.07215987694984272
0.665444575550744,0.15144533727246828,0.12286299335671277,0.06024709382007498
0.8142165178517184,0.13072908263067265,0.024717825462333497,0.030336574055275373
0.8404854215269629,0.11907001223478167,0.018555871902613406,0.021888694335641935
0.7545587283818802,0.1065392668932405,0.05687972745874057,0.08202227726613878
0.6037128378979358,0.13972530062102265,0.20554890405828513,0.05101295742275639
0.8463415000564617,0.09518871193243919,0.028147068176205773,0.03032271983489347
0.6960609236520715,0.2205923776167849,0.037597964793122704,0.045748733938020925
0.7260563794508482,0.1662444062345082,0.06669637257918143,0.04100284173546234
0.7106238972743696,0.18989538317827495,0.04898840652457678,0.05049231302277878
0.7820073144946842,0.10781199611550273,0.054197735050682684,0.055982954339130454
0.778442799276781,0.13870307966450365,0.041433023728272976,0.04142109733044247
0.7504410826912505,0.1529866761988378,0.04936655526687819,0.04720568584303352
0.3705135581324698,0.2218846315784169,0.2905591005876819,0.11704270970143131
0.4488049307113143,0.36797259863725157,0.09090053501288936,0.09232193563854474
0.8099339009470257,0.1046677964722459,0.05056707855455271,0.034831224026175764
0.4475967188739473,0.1774196746101307,0.2587685416946194,0.11621506482130255
0.7509381324300312,0.13660980169766598,0.0732425119086788,0.039209553963623855
0.721300760079953,0.15705893499845472,0.06370886566999834,0.05793143925159385
0.7233019928827238,0.15521175102687695,0.06582341639354726,0.05566283969685202
0.788231443154955,0.13635232581899873,0.04064428897591275,0.034771942050133585
0.7422433645044505,0.13999068204915688,0.06149656485187047,0.05626938859452226
0.7270239576168632,0.13846788884613118,0.06315950549625149,0.07134864804075403
0.7970832794845928,0.1631074604787855,0.019602741805132648,0.02020651823148901
0.7775902972823078,0.11931069253147764,0.05051987380002088,0.05257913638619364
0.715531091727285,0.13352373772333517,0.08647184724528614,0.06447332330409367
0.622608062774074,0.18640185304248003,0.13530933233203327,0.055680751851412726
0.6617709885541962,0.21617871218170842,0.07242107755387064,0.04962922171022468
0.48650090042567445,0.20596911920137248,0.19767950018976813,0.10985048018318497
0.7405403821900052,0.1699556522912972,0.04544191762135041,0.04406204789734733
0.8179898440702594,0.11881652889522691,0.03245305400641013,0.03074057302810342
0.6567204030260784,0.18188632289854637,0.11859080312653857,0.042802470948836546
0.6460067894342097,0.18567162961903225,0.10385733181822474,0.06446424912853314
0.802518607935121,0.13801492779541885,0.028415741396297326,0.031050722873162916
0.6806937120088463,0.19212424527518746,0.07509278623470392,0.05208925648126219
0.6710647221369384,0.14337228564796978,0.0921561751341461,0.09340681708094581
0.5439135934357017,0.11321810317999037,0.18911884806996107,0.15374945531434686
0.7551428368063742,0.178078221182854,0.03177502401055883,0.03500391800021319
0.5228990333688665,0.15538591824881937,0.2098211722890836,0.11189387609323052
0.7718290159601356,0.14439335890306038,0.039483516272328684,0.04429410886447543
0.7688925258307198,0.17779860684326187,0.02953571217090333,0.023773155155114974
0.782507617371376,0.15641492973822754,0.021970048795144522,0.039107404095251846
0.7480761743372565,0.174873075830864,0.05610410701323497,0.020946642818644563
0.6822107037957864,0.1752177678942877,0.07435126851504603,0.06822025979487988
0.6935236433252906,0.18042741545240157,0.06827757914955697,0.05777136207275084
0.37814444239241896,0.27854979231499194,0.18669272203207088,0.1566130432605182
0.7649497490085646,0.14964603502813564,0.045332306559636326,0.04007190940366337
0.6864579176221812,0.26548660789225037,0.02770477713950663,0.02035069734606167
0.6830489665591674,0.22883392600881144,0.059492822864711276,0.02862428456731003
0.6117738522549739,0.15919549218680223,0.12914805445043212,0.09988260110779162
0.5576505561523074,0.25586976850391957,0.1267850189588251,0.059694656384947926
0.8158055489336916,0.14700175927072104,0.014539919907431555,0.02265277188815573
0.30675704406526766,0.2619751449181133,0.2942897055172921,0.13697810549932696
0.6301294489541008,0.15588885476717576,0.168237527001604,0.04574416927711933
0.7239382594057251,0.18305310728420593,0.035168915579010085,0.057839717731058865
0.6896918667815349,0.21310068057142248,0.04328751847391315,0.05391993417312947
0.7861691137395102,0.16699903155152943,0.01953253058975051,0.02729932411920989
0.7121113430161385,0.17140413788499229,0.049212433262631916,0.06727208583623714
0.8137133978897585,0.11627968226029493,0.04301189366187965,0.026995026188066824
0.8206989203137859,0.12469504256351754,0.03103785813957925,0.02356817898311737
0.5072821571026243,0.2878071755277584,0.091882568022715,0.11302809934690235
0.6386475215030288,0.13060636675372725,0.1468158104587016,0.08393030128454232
0.7103250009621563,0.2187980000941133,0.03461550057930464,0.03626149836442586
0.8363967385516896,0.11863138428660835,0.021902070108642726,0.023069807053059416
0.7590658917863606,0.1367069539995032,0.0731565247761011,0.031070629438035038
0.8281737258055674,0.1226862924279326,0.02507927749527543,0.024060704271224368
0.7766763477260331,0.13032491707052293,0.05088443166586294,0.042114303537580895
0.7700726361990552,0.151312095332751,0.04187252029449263,0.03674274817370101
0.8763106842048545,0.06940499583469906,0.03290088344388585,0.021383436516560772
0.5331993682705758,0.2854743851431775,0.11088039647826324,0.0704458501079835
0.8134159763194347,0.11694597352948136,0.0376991856233883,0.03193886452769569
0.7703337619066226,0.19779575366789934,0.019296287639596628,0.012574196785881505
0.6934475013321185,0.12792649977301523,0.11907580471118748,0.0595501941836786
0.785931556861822,0.11339229935452066,0.05924873796326549,0.04142740582039187
0.8064272069234282,0.16322872721589052,0.012136162451789903,0.018207903408891436
0.44665062506245023,0.16236488343006053,0.2892787392441277,0.10170575226336157
0.7966914441269473,0.1308399651298737,0.040523944212762265,0.03194464653041667
0.7340427564392406,0.16408123810980146,0.07152057464260594,0.030355430808351833
0.5697896036009906,0.19660432493246752,0.1292013543153433,0.1044047171511985
0.5063948708925473,0.22225079245862273,0.14923296197247532,0.12212137467635456
0.675140938086386,0.23635123207494846,0.05217806251175903,0.036329767326906445
0.7058078591958568,0.13215668908456257,0.09543201957396509,0.06660343214561555
0.6618564911278957,0.20071367886822697,0.08278129077363909,0.05464853923023833
